4 5 6 10\n... (left: 20 6 10)
1 2 4 7\n... (left: 2 4 8)
2 5 8 11\n... (left: 2 6 8)
3 4 4 13\n... (left: 7 4 13)
6 7 8 9\n... (left: 2 6 8)
1 11 11 13\n... (left: 12 11 13)
1 8 10 11\n... (left: 12 8 10)
2 3 6 9\n... (left: 12 9 3)
1 3 5 9\n... (left: 1 5 6)
3 3 7 12\n... (left: 4 3 12)
4 5 7 9\n... (left: 28 5 9)
1 2 8 13\n... (left: 3 8 13)
4 6 6 9\n... (left: 36 6 6)
1 4 4 8\n... (left: 4 4 8)
1 5 10 11\n... (left: 5 10 12)
3 4 6 11\n... (left: 7 6 11)
2 4 8 9\n... (left: 7 8 4)
1 4 5 13\n... (left: 3 5 13)
2 2 7 12\n... (left: 14 2 12)
3 3 6 7\n... (left: 10 3 7)
1 5 9 13\n... (left: 6 9 13)
5 6 7 13\n... (left: 30 7 13)
5 5 8 10\n... (left: 15 8 5)
2 4 6 12\n... (left: 8 4 12)
6 7 8 11\n... (left: 6 15 11)
7 9 9 13\n... (left: 2 9 13)
3 6 9 12\n... (left: 18 9 12)
6 9 12 13\n... (left: 15 12 13)
4 7 9 13\n... (left: 28 9 13)
5 6 8 12\n... (left: 20 6 5)